00111011
001110111111011111100111011
0011101111110111111011111101111110011100111011
001110 (11111101111110) (01110) 11

1111111011
11110111101111011111111011
111101111101111011110111101111011111111011
111 (101111) (0111101111) 1111011

011111
0111101011011011011111
01111010110111101011011011011011011111
011 (1101011011) (011011) 111

011111
01111010110111101011011011011011011111
0111101011011110101101111010110111101011011011011011011011011011011111
011 (11010110111101011011) (011011011011) 111

1011111
10111101011011011011111
101111010110111101011011011011011011111
1011 (1101011011) (011011) 111

1011111
101111010110111101011011011011011011111
10111101011011110101101111010110111101011011011011011011011011011011111
1011 (11010110111101011011) (011011011011) 111

00011111
000111101011011011011111
0001111010110111101011011011011011011111
00011 (1101011011) (011011) 111

00011111
0001111010110111101011011011011011011111
000111101011011110101101111010110111101011011011011011011011011011011111
00011 (11010110111101011011) (011011011011) 111

1
1010111
1010110110111
(10) (1) (011) 1

1
1010110110111
1010110110110110110110111
(10) (1) (011011011) 1

1
1010110110110110111
1010110110110110110110110110110110111
(10) (1) (011011011011011) 1

1
1010110110110110110110111
1010110110110110110110110110110110110110110110111
(10) (1) (011011011011011011011) 1

1
1010110110110110110110110110111
1010110110110110110110110110110110110110110110110110110110111
(10) (1) (011011011011011011011011011) 1

1
1010110110110110110110110110110110111
1010110110110110110110110110110110110110110110110110110110110110110110111
(10) (1) (011011011011011011011011011011011) 1

1
1010110110110110110110110110110110110110111
1010110110110110110110110110110110110110110110110110110110110110110110110110110110111
(10) (1) (011011011011011011011011011011011011011) 1

1
1010110110110110110110110110110110110110110110111
1010110110110110110110110110110110110110110110110110110110110110110110110110110110110110110110111
(10) (1) (011011011011011011011011011011011011011011011) 1

01
01010111
01010110110111
0 (10) (1) (011) 1

01
01010110110111
01010110110110110110110111
0 (10) (1) (011011011) 1

1
1010111
1010110110111
(10) (1) (011) 1

1
1010110110111
1010110110110110110110111
(10) (1) (011011011) 1

1
1010110110110110111
1010110110110110110110110110110110111
(10) (1) (011011011011011) 1

1
1010110110110110110110111
1010110110110110110110110110110110110110110110111
(10) (1) (011011011011011011011) 1

1
1010110110110110110110110110111
1010110110110110110110110110110110110110110110110110110110111
(10) (1) (011011011011011011011011011) 1

1
1010110110110110110110110110110110111
1010110110110110110110110110110110110110110110110110110110110110110110111
(10) (1) (011011011011011011011011011011011) 1

1
1010110110110110110110110110110110110110111
1010110110110110110110110110110110110110110110110110110110110110110110110110110110111
(10) (1) (011011011011011011011011011011011011011) 1

1
1010110110110110110110110110110110110110110110111
1010110110110110110110110110110110110110110110110110110110110110110110110110110110110110110110111
(10) (1) (011011011011011011011011011011011011011011011) 1

11
11010111
11010110110111
1 (10) (1) (011) 1

11
11010110110111
11010110110110110110110111
1 (10) (1) (011011011) 1

01
010110101
0101010110110101
(0101) (101) 01

001101
0010101011010101101
00101010101010101101011010101101
0 (01010101) (10101) 01101

1
1011
1101011
(1) (01) 1

1
1101011
1101101101011
(110) (1) (01) 1

1
1101101011
1101101101101101011
(110110) (1) (01) 1

1
1101101101011
1101101101101101101101011
(110110110) (1) (01) 1

1
1101101101101011
1101101101101101101101101101011
(110110110110) (1) (01) 1

1
1101101101101101011
1101101101101101101101101101101101011
(110110110110110) (1) (01) 1

1
1101101101101101101011
1101101101101101101101101101101101101101011
(110110110110110110) (1) (01) 1

1
1101101101101101101101011
1101101101101101101101101101101101101101101101011
(110110110110110110110) (1) (01) 1

1
1101101101101101101101101011
1101101101101101101101101101101101101101101101101101011
(110110110110110110110110) (1) (01) 1

1
1101101101101101101101101101011
1101101101101101101101101101101101101101101101101101101101011
(110110110110110110110110110) (1) (01) 1

110111
1101110111
11011111010111
1101 (11) (01) 11

110111
1101110111
11011111010111
1101 (11) (01) 11

11101
1110111111011111101111110111111101
111101111110111111011111101111110111111011111101111110111111101
11 (1) (0111111011111101111110111111) 101

1
1010111
1010110110111
(10) (1) (011) 1

1
1010110111
1010110110110110111
(10) (1) (011011) 1

1
1010110110111
1010110110110110110110111
(10) (1) (011011011) 1

1
1010110110110111
1010110110110110110110110110111
(10) (1) (011011011011) 1

1
1010110110110110111
1010110110110110110110110110110110111
(10) (1) (011011011011011) 1

1
1010110110110110110111
1010110110110110110110110110110110110110111
(10) (1) (011011011011011011) 1

1
1010110110110110110110111
1010110110110110110110110110110110110110110110111
(10) (1) (011011011011011011011) 1

1
1010110110110110110110110111
1010110110110110110110110110110110110110110110110110111
(10) (1) (011011011011011011011011) 1

1
1010110110110110110110110110111
1010110110110110110110110110110110110110110110110110110110111
(10) (1) (011011011011011011011011011) 1


01001001
0100100100101001
(010) (01001)


0100100100101001
01001001001001001010010100101001
(010010) (0100101001)


010010010010010100101001
010010010010010010010010100101001010010100101001
(010010010) (010010100101001)


01001001001001001010010100101001
0100100100100100100100100100101001010010100101001010010100101001
(010010010010) (01001010010100101001)


0100100100100100100101001010010100101001
01001001001001001001001001001001001010010100101001010010100101001010010100101001
(010010010010010) (0100101001010010100101001)


010010010010010010010010100101001010010100101001
010010010010010010010010010010010010010010100101001010010100101001010010100101001010010100101001
(010010010010010010) (010010100101001010010100101001)


01001001001001001001001001010010100101001010010100101001
0100100100100100100100100100100100100100100100101001010010100101001010010100101001010010100101001010010100101001
(010010010010010010010) (01001010010100101001010010100101001)


0100100100100100100100100100101001010010100101001010010100101001
01001001001001001001001001001001001001001001001001001010010100101001010010100101001010010100101001010010100101001010010100101001
(010010010010010010010010) (0100101001010010100101001010010100101001)


010010010010010010010010010010010100101001010010100101001010010100101001
010010010010010010010010010010010010010010010010010010010010100101001010010100101001010010100101001010010100101001010010100101001010010100101001
(010010010010010010010010010) (010010100101001010010100101001010010100101001)

1
101001001
10100100100101001
1 (010) (01001)

011011
0110111010111010111010101011
01101110101110101110101110101110101110101010101011
01101 (110101110101110101) (0101) 1

011011
01101110101110101110101110101110101110101010101011
0110111010111010111010111010111010111010111010111010111010111010111010111010101010101010101011
01101 (110101110101110101110101110101110101) (01010101) 1

000100101
000100010110010010000100101
000100010001011001001000010110010010000100101
00010 (0010) (11001001000010) 0101

001
00101001
0010010101001
0 (010) (10) 01

101
10010101
1010010010101
(10) (010) 101

1011
10110101011
101101011010101011
101 (10101) (01) 1

01
010110101
0101010110110101
(0101) (101) 01

011
01101111
0111011101111
01 (1) (0111) 1

011
01101111
0111011101111
01 (1) (0111) 1

011
01101111
0111011101111
01 (1) (0111) 1

011
01101111
0111011101111
01 (1) (0111) 1

011
01101111
0111011101111
01 (1) (0111) 1

111
110111
111010111
1 (1) (01) 11

111
110111
111010111
1 (1) (01) 11

01111
0111101111
011111011101111
0111 (1) (0111) 1

11
1010111
101101010111
(101) (01) 11

11
1010111
101101010111
(101) (01) 11

1110111101111
1110111101111010111101111
1110111101111011110101111010111101111
1110111101 (11101) (0111101) 111

1110111101111
1110111101111011110101111010111101111
1110111101111011110111101111010111101011110101111010111101111
1110111101 (1110111101) (01111010111101) 111

1110111101111
1110111101111011110111101011110101111010111101111
1110111101111011110111101111011110111101011110101111010111101011110101111010111101111
1110111101 (111011110111101) (011110101111010111101) 111

1110111101111
1110111101111011110111101111010111101011110101111010111101111
1110111101111011110111101111011110111101111011110101111010111101011110101111010111101011110101111010111101111
1110111101 (11101111011110111101) (0111101011110101111010111101) 111

11110111101111
11110111101111010111101111
11110111101111011110101111010111101111
11110111101 (11101) (0111101) 111

11110111101111
11110111101111011110101111010111101111
11110111101111011110111101111010111101011110101111010111101111
11110111101 (1110111101) (01111010111101) 111

11110111101111
11110111101111011110111101011110101111010111101111
11110111101111011110111101111011110111101011110101111010111101011110101111010111101111
11110111101 (111011110111101) (011110101111010111101) 111

11110111101111
11110111101111011110111101111010111101011110101111010111101111
11110111101111011110111101111011110111101111011110101111010111101011110101111010111101011110101111010111101111
11110111101 (11101111011110111101) (0111101011110101111010111101) 111

001
0101001
00101101001
(0) (101) 001

1
110111
11110110111
(11) (011) 1

1
11110110111
111111110110110110111
(1111) (011011) 1

1
1111110110110111
1111111111110110110110110110111
(111111) (011011011) 1

1
111111110110110110111
11111111111111110110110110110110110110111
(11111111) (011011011011) 1

1
11111111110110110110110111
111111111111111111110110110110110110110110110110111
(1111111111) (011011011011011) 1

1
1111111111110110110110110110111
1111111111111111111111110110110110110110110110110110110110111
(111111111111) (011011011011011011) 1

1
111111111111110110110110110110110111
11111111111111111111111111110110110110110110110110110110110110110110111
(11111111111111) (011011011011011011011) 1

1
11111111111111110110110110110110110110111
111111111111111111111111111111110110110110110110110110110110110110110110110110111
(1111111111111111) (011011011011011011011011) 1

1
1111111111111111110110110110110110110110110111
1111111111111111111111111111111111110110110110110110110110110110110110110110110110110110111
(111111111111111111) (011011011011011011011011011) 1

1
111111111111111111110110110110110110110110110110111
11111111111111111111111111111111111111110110110110110110110110110110110110110110110110110110110110111
(11111111111111111111) (011011011011011011011011011011) 1

101
101011101
101011011011101
(10) (1) (011) 101

101
101011011011101
101011011011011011011011101
(10) (1) (011011011) 101

101
101011011011011011101
101011011011011011011011011011011011101
(10) (1) (011011011011011) 101

101
101011011011011011011011101
101011011011011011011011011011011011011011011011101
(10) (1) (011011011011011011011) 101

101
101011011011011011011011011011101
101011011011011011011011011011011011011011011011011011011011101
(10) (1) (011011011011011011011011011) 101

101
101011011011011011011011011011011011101
101011011011011011011011011011011011011011011011011011011011011011011011101
(10) (1) (011011011011011011011011011011011) 101

101
101011011011011011011011011011011011011011101
101011011011011011011011011011011011011011011011011011011011011011011011011011011011101
(10) (1) (011011011011011011011011011011011011011) 101

101
101011011011011011011011011011011011011011011011101
101011011011011011011011011011011011011011011011011011011011011011011011011011011011011011011011101
(10) (1) (011011011011011011011011011011011011011011011) 101

101
101011011011011011011011011011011011011011011011011011101
101011011011011011011011011011011011011011011011011011011011011011011011011011011011011011011011011011011011101
(10) (1) (011011011011011011011011011011011011011011011011011) 101

101
101011011011011011011011011011011011011011011011011011011011101
101011011011011011011011011011011011011011011011011011011011011011011011011011011011011011011011011011011011011011011011101
(10) (1) (011011011011011011011011011011011011011011011011011011011) 101

1
1010110110111
1010110110110110110110111
(10) (1) (011011011) 1

1
1010110110110110110110111
1010110110110110110110110110110110110110110110111
(10) (1) (011011011011011011011) 1

1
1010110110110110110110110110110110111
1010110110110110110110110110110110110110110110110110110110110110110110111
(10) (1) (011011011011011011011011011011011) 1

1
1010110110110110110110110110110110110110110110111
1010110110110110110110110110110110110110110110110110110110110110110110110110110110110110110110111
(10) (1) (011011011011011011011011011011011011011011011) 1

11
11010110110111
11010110110110110110110111
1 (10) (1) (011011011) 1

11
11010110110110110110110111
11010110110110110110110110110110110110110110110111
1 (10) (1) (011011011011011011011) 1

11
11010110110110110110110110110110110111
11010110110110110110110110110110110110110110110110110110110110110110110111
1 (10) (1) (011011011011011011011011011011011) 1

11
11010110110110110110110110110110110110110110110111
11010110110110110110110110110110110110110110110110110110110110110110110110110110110110110110110111
1 (10) (1) (011011011011011011011011011011011011011011011) 1

011
01101111
0111011101111
01 (1) (0111) 1

01111
0111101111
011111011101111
0111 (1) (0111) 1

1111
1111101111
1111111011101111
111 (11) (0111) 1

111101
11110111111101111111011111110111111101111111101
1111101111111011111110111111101111111011111110111111101111111011111110111111101111111101
111 (1) (0111111101111111011111110111111101111111) 101

1111101
111110111111101111111011111110111111101111111101
11111101111111011111110111111101111111011111110111111101111111011111110111111101111111101
1111 (1) (0111111101111111011111110111111101111111) 101

11101
1110111111011111101111110111111101
111101111110111111011111101111110111111011111101111110111111101
11 (1) (0111111011111101111110111111) 101

10011
100110010010010100100101001001010010010100100101
1001100100100101001001010010010100100101001001010010010100100101001001010010010100100101001
1001 (100) (10010) (01010010010100100101001001010010) (01) (0) 1

10011
100110010010010100100101001001010010010100100101
1001100100100101001001010010010100100101001001010010010100100101001001010010010100100101001
1001 (100) (10010) (01010010010100100101001001010010) (01) (0) 1


0101011
01010101101011
(01) (01011)


01010101101011
0101010101011010110101101011
(0101) (0101101011)


010101010110101101011
010101010101010110101101011010110101101011
(010101) (010110101101011)


0101010101011010110101101011
01010101010101010101101011010110101101011010110101101011
(01010101) (01011010110101101011)


01010101010101101011010110101101011
0101010101010101010101011010110101101011010110101101011010110101101011
(0101010101) (0101101011010110101101011)


010101010101010110101101011010110101101011
010101010101010101010101010110101101011010110101101011010110101101011010110101101011
(010101010101) (010110101101011010110101101011)


0101010101010101011010110101101011010110101101011
01010101010101010101010101010101101011010110101101011010110101101011010110101101011010110101101011
(01010101010101) (01011010110101101011010110101101011)


01010101010101010101101011010110101101011010110101101011
0101010101010101010101010101010101011010110101101011010110101101011010110101101011010110101101011010110101101011
(0101010101010101) (0101101011010110101101011010110101101011)

1
10101011
101010101101011
1 (01) (01011)

1
101010101101011
10101010101011010110101101011
1 (0101) (0101101011)

11
1010111
101101010111
(101) (01) 11

1
1010110111
1010110110110110111
(10) (1) (011011) 1

1
1010110110110110111
1010110110110110110110110110110110111
(10) (1) (011011011011011) 1

1
1010110110110110110110110111
1010110110110110110110110110110110110110110110110110111
(10) (1) (011011011011011011011011) 1

1
1010110110110110110110110110110110111
1010110110110110110110110110110110110110110110110110110110110110110110111
(10) (1) (011011011011011011011011011011011) 1

1
1010110110110110110110110110110110110110110111
1010110110110110110110110110110110110110110110110110110110110110110110110110110110110110111
(10) (1) (011011011011011011011011011011011011011011) 1

10101
101010110101
1010101010110110101
101 (0101) (101) 01
