10 [B1] 011111111111111111 -16
110 [B0] 11111111111111111 -15
10 [A1] 111111111111111111 -16
0 [C1] 0111111111111111111 -17
10 [B0] 111111111111111111 -16
0 [A1] 1111111111111111111 -17
 [C0] 01111111111111111111 -18
 [B0] 101111111111111111111 -19
 [A0] 1101111111111111111111 -20
0 [B1] 101111111111111111111 -19
10 [B1] 01111111111111111111 -18
110 [B0] 1111111111111111111 -17
10 [A1] 11111111111111111111 -18
0 [C1] 011111111111111111111 -19
10 [B0] 11111111111111111111 -18
0 [A1] 111111111111111111111 -19
 [C0] 0111111111111111111111 -20
 [B0] 10111111111111111111111 -21
 [A0] 110111111111111111111111 -22
0 [B1] 10111111111111111111111 -21
10 [B1] 0111111111111111111111 -20
110 [B0] 111111111111111111111 -19
10 [A1] 1111111111111111111111 -20
0 [C1] 01111111111111111111111 -21
10 [B0] 1111111111111111111111 -20
0 [A1] 11111111111111111111111 -21
 [C0] 011111111111111111111111 -22
 [B0] 1011111111111111111111111 -23
 [A0] 11011111111111111111111111 -24
0 [B1] 1011111111111111111111111 -23
10 [B1] 011111111111111111111111 -22
110 [B0] 11111111111111111111111 -21
10 [A1] 111111111111111111111111 -22
0 [C1] 0111111111111111111111111 -23
10 [B0] 111111111111111111111111 -22
0 [A1] 1111111111111111111111111 -23
 [C0] 01111111111111111111111111 -24
 [B0] 101111111111111111111111111 -25
 [A0] 1101111111111111111111111111 -26
0 [B1] 101111111111111111111111111 -25
10 [B1] 01111111111111111111111111 -24